TN1003 22 12 2024 2 1001 1002 
TN1003 22 12 2024 2 1001 1002 
TN1009 22 12 2024 1 1001 
TN1009 22 12 2024 1 1002 
TN1009 22 12 2024 1 1003 
TN1001 22 12 2024 1 1001 
TN1009 22 12 2024 1 1004 
TN1009 22 12 2024 1 1005 
TN1001 22 12 2024 1 1003 
TN1004 22 12 2024 1 1005 
TN1002 22 12 2024 1 1010 
TN1003 1 1 2025 1 1001 
TN1003 22 12 2024 1 1045 
TN1003 15 12 2024 2 1002 1003 
TN1003 14 05 2026 1 1001 
TN1003 13 12 2024 1 1001 
TN1003 16 12 2024 1 1001 
TN1003 02 02 2025 1 1001 
TN1003 01 01 2026 1 1011 
TN1003 30 12 2024 1 1001 
TN1010 29 02 2025 1 1001 
